0	0.906101
0	0.9557877
0	-0.5625767
0	0.3920566
0	1.745682
0	0.001275644
0	-0.3353253
0	-0.3720942
0	0.4864495
0	1.20709
0	0.6620403
0	-0.7331096
0	0.1929674
0.6355741	0.277472
0	0.2876808
0	-0.6337929
0	-1.184905
0	0.1153974
0	0.5477309
0	2.168814
0	1.177608
0	1.207057
0	-1.53119
0	0.9830238
0	1.394816
0	-0.5248769
0	-0.6678197
0	-0.02818343
0	0.4772656
0	0.02362144
0	-0.2484934
0	-0.8543229
0	-0.2238163
0	-0.4027905
0	0.3351617
0	1.232212
0	-0.804789
0	-0.006931006
0	-1.013394
0	1.147341
0	2.346103
0	0.6351128
0	-1.503962
-5.364373	-3.776068
0	1.979294
0	1.247334
0	-0.4563432
0	-0.1103452
0	0.4313415
0	-1.006545
0	-1.345227
0	-0.8099107
0	0.8094782
0	0.7871666
0	-0.3129738
0	1.072928
0	-0.4789483
0	-1.901172
0	0.2838823
8.359472	9.643689
13.99183	15.69393
-1.361158	-1.78812
0	2.124646
0	-0.8209341
0	-0.9676404
0	1.444014
-14.05619	-14.86119
0	0.4285544
0	0.2501687
0	0.7395929
0	-0.2762755
0	0.355227
0	-0.9285709
0	1.035558
0	0.04428394
0	-0.3988364
0	2.000084
0	-0.9086074
0	-1.22205
0	0.2246363
0	1.011458
0	-0.6119231
0	-0.9331661
0	0.09793111
0	-0.3619051
0	-0.5129656
0	0.7691331
0	-0.429279
0	0.1890127
0	-2.146067
0	-1.125869
-3.581011	-4.083326
0	-2.218668
0	-1.061716
0	-0.5479438
0	1.982237
0	-0.7487205
0	0.08094136
0	-1.133593
0	-0.1404824
0	-0.3746421
0	0.09716644
0	0.05291498
0	-0.9345982
0	1.115478
0	0.5035403
0	-0.9191399
0	-0.5662317
0	-0.2158836
0	-2.69757
0	-0.5675256
0	0.7687204
0	0.2566564
11.29282	12.00002
0	-0.4792255
0	0.06341245
0	-0.4091905
0	-0.7779084
0	0.05377784
0	0.7021889
0	-2.370075
0	-1.555379
0	0.6463575
0	-0.996053
8.818468	9.563529
0	-0.1093748
0	1.259515
0	0.5949775
0	-0.7314738
0	0.2194133
0	0.7973025
0	-0.1531784
0	0.3932215
0	0.047943
0	0.1395892
0	-0.7692828
0	0.09200159
0	-0.4689901
0	0.3207823
0	-0.214386
0	0.04438216
0	0.195492
0	-0.04783546
0	-0.0643953
0	-1.020332
1.497887	1.766635
0	-0.8288222
0	0.6001729
0	0.08070667
0	-0.5486238
0	0.4193656
0	-1.158005
0	-0.3527279
0	-1.822951
0	1.709241
0	1.188025
0	0.8790473
0	1.187278
0	0.131496
0	-1.056473
13.13542	13.27336
0	0.8367096
0	-0.6452773
0	-0.1387523
0	-0.005927095
0	-0.5936845
6.210601	6.893226
0	-0.9396056
0	-1.140893
0	-0.7057998
0	0.3319526
0	-0.0460601
0	0.3824083
0	0.5511271
0	0.4496066
0	-1.052624
0	1.149217
0	0.6913584
0	-0.4565695
0	-1.32083
0	1.305506
0	1.099546
0	0.9135862
0.1799543	-0.4492627
0	-1.521656
0	0.4188937
0	-0.9879014
0	0.9869836
-4.10286	-3.135229
0	-0.3954536
0	-0.9330033
0	-0.1523196
0	0.2170069
0	0.3201325
0	-0.8022975
0	1.686072
0	0.8432669
0	-1.434299
0	-0.4277525
0	1.8037
0	-0.4623016
0	0.5364254
0	0.7666728
0	1.641788
0	0.5310475
0	-0.2030406
0	0.9160534
0	-0.2618777
8.583218	7.500908
0	0.8663761
0	0.1905589
0	0.3397308
0	0.6657713
0	-1.70077
0	1.029325
0	0.5333436
0	-1.051055
0	1.043625
1.630483	0.003363872
0	0.05418613
0	1.718941
0	0.3680405
0	0.251942
0	2.596054
0	1.24991
0	-0.0005715216
0	-0.2326487
0	0.08927482
0	-1.610767
-2.657908	-2.419495
0	-0.0458409
0	-1.801306
0	-1.121052
0	0.7609812
6.26775	6.204396
0	-0.1665094
0	-0.1120374
0	-1.544895
0	0.03790347
0	0.3059163
0	-0.01030571
0	1.661354
0	0.9006792
0	-0.8403639
0	-0.6032358
0	0.5923356
0	0.1282965
0	0.4331416
0	-0.0793978
0	0.6354726
0	-1.09768
0	-0.4930724
0	0.2898406
0	1.318873
0	-0.3781316
0	-1.134022
0	-0.7045811
0	0.009367924
0	-2.197001
0	-2.098027
0	-0.06131755
0	-1.733612
0	-0.0879488
0	0.8869144
0	-0.03199037
-11.28412	-11.04409
0	0.2627552
0	3.259601
0	-0.04580461
0	0.3156937
0	-0.8383573
0	-0.180221
0	1.160585
0	-1.156301
0	0.445059
0	1.3373
0	-2.868095
0	0.2086037
0	-2.024451
0	-1.968495
0	1.653844
0	-1.976755
0	-2.47844
0	-0.1121566
0	0.0626909
-6.965838	-7.201888
0	-0.355765
0	-0.2749813
0	2.003686
0	-0.1120595
0	-1.131481
0	0.4610377
0	0.5887413
0	-0.6389052
0	0.7682461
0	2.375494
0	-1.04348
0	0.1007659
0	0.3022596
-7.176454	-8.440881
0	-0.1245438
0	0.8023553
0	0.6561602
0	-1.855443
0	-0.2939976
0	-0.2807703
0	-3.014133
0	-0.2519244
0	-0.1398503
0	1.479314
-12.5701	-11.00175
0	-0.195671
0	1.70945
0	-1.972178
0	0.4010904
0	0.7988331
0	0.9715328
0	1.339109
0	-0.4056996
0	1.011476
0	1.451702
-10.11719	-9.857682
-5.808685	-6.864672
0	0.1062833
0	0.8265326
0	1.229759
0	0.1138416
0	0.4229474
0	-0.3236451
0	0.2010265
0	-0.1297427
0	-0.2038368
0	0.7836593
0	-0.5600114
0	-0.01892982
0	-0.1234636
0	-0.3705083
0	-1.605078
0	-0.04600886
0	-0.8698603
0	0.4724376
0	-1.02372
0	0.9612174
0	-1.503302
0	-0.3792177
0	1.188834
0	1.478054
0	-0.9552634
0	0.03976066
0	-1.943943
0	-0.8605061
0	-2.209657
0	-0.1910424
0	-0.8481473
0	-1.075489
0	-0.04533992
0	0.2771253
0	-0.8691908
0	-1.037868
0	-0.4179592
0	0.3165447
0	1.292484
0	-0.2758658
0	0.4686307
0	-1.499231
0	-0.9503017
0	-0.009389641
11.13868	9.017458
0	1.786841
0	0.1690336
0	0.8500867
0	-0.310732
0	-0.2847543
0	0.1422647
0	-1.15301
0	2.087667
0	-0.2918916
0	0.4525083
0	-1.003635
0	1.450408
0	0.03826171
0	-1.44987
0	0.498407
0	0.1157322
0	0.1889942
0	0.4758146
0	-0.5345632
0	-0.1926263
0	0.406848
0	-0.04491071
0	1.49203
0	-1.648414
0	-0.5849882
0	-0.5070605
0	-0.440264
0	-0.5280077
0	-0.9192016
0	-0.07235986
0	0.3613116
0	0.9085106
0	0.7276082
0	0.2184981
0	-0.9507891
0	-1.208204
0	0.5137012
0	0.3330593
0	0.3870911
0	0.04392906
0	-0.6102392
0	-0.1249117
0	1.101551
0	-1.351074
0	-0.7083073
0	-0.4473217
0	-0.4668433
0	-2.226916
0	0.7731792
0	-1.338272
0	-0.3772993
0	-2.986876
0	-1.732784
0	-1.299199
0	0.200605
0	0.01346392
0	0.1187996
0	0.2366078
0	-0.6930457
-1.279746	-1.499434
0	0.7257057
0	-0.4066683
0	-1.875963
0	-1.108862
0	0.8312405
0	0.568786
0	-1.026153
0	2.410963
0	0.6629467
0	0.4681079
0	-2.314121
0	1.008215
0	-1.254548
0	-0.588445
0	1.599425
0	0.6321577
-15.02115	-15.28269
0	0.6139164
0	-0.06473133
-1.592752	-0.9481377
0	-0.6502332
0	1.181275
0	2.369218
0	-0.1215268
0	-1.300797
0	0.06469039
0	0.7076566
0	-1.443247
0	-0.9933358
0	0.5430597
0	-0.02940712
0	-1.350806
0	-2.323018
0	-1.022472
0	-0.3515499
0	1.381389
0	0.5071246
13.33274	12.14991
0	0.8463234
-6.682199	-4.238585
0	0.7995457
0	-0.3764011
0	0.7884109
0	1.986041
0	0.05677624
0	1.243657
1.271919	1.74003
0	0.1233805
0	-0.7569874
0	-0.270278
0	-0.7943403
0	-1.112411
0	-0.05690348
0	-0.3093466
0	1.164462
0	1.590527
0	-0.4392622
0	-0.07390167
-2.64847	-1.039623
0	0.66513
0	-1.101042
0	-0.5995382
0	-0.1408066
0	-0.354514
0	0.03709862
2.670231	3.387874
0	-0.2774817
0	0.8705202
0	0.06556478
3.479921	3.221971
0	-0.2439693
0	0.3529132
0	-0.372759
0	-0.1950128
-13.14107	-12.45682
0	2.23725
0	-0.7408946
0	-0.326039
0	1.639837
0	-0.04239946
0	-0.1604167
0	-0.3173246
0	-0.4364578
0	-0.6507588
0	0.7430629
0	0.4689063
0	-0.7293975
0	0.3192355
0	-1.515077
0	-0.03023687
0	0.3395328
0	0.1617174
0	-2.030794
0	1.814056
0	0.1851182
0	-1.05067
0	-0.689012
0	-1.876413
0	0.3460761
0	-0.01108377
0	-0.1120886
0	0.6471628
0	1.73111
0	0.361415
0	-0.2334029
0	-0.6333482
0	-0.03515049
0	-0.9721924
0	-1.711948
0	-0.7779726
0	-0.853405
0	-1.834726
0	-1.284477
0	-2.042969
0	-0.3911793
0	0.07373902
0	-0.1850179
0	-2.45306
0	2.376326
0	-0.4746036
0	-0.1706492
0	-0.3748181
0	0.05795604
0	-0.4825299
0	-0.08223345
0	0.05556262
-7.578531	-6.49129
0	0.4963931
0	0.5648697
0	0.5963111
0	1.232676
0	-0.8113292
0	1.045637
0	0.8716847
0	-2.230205
0	-1.709454
0	0.6304373
0	-1.367066
0	-0.6024457
0	-0.9951683
0	-0.9443202
0	-0.01510609
0	-0.3531848
0	-0.04228237
0	0.6855392
0	1.321042
0	0.9031823
0	-0.8407878
0	0.3701545
0	0.4154041
0	0.1856214
0	0.04330077
0	0.8288211
0	1.924286
0	1.633006
0	-0.4020699
0	0.01862198
0	-0.7303704
0	-0.1232055
0	-0.8356562
0	0.2292739
4.592317	5.26064
0	1.015554
0	0.9368319
0	0.3785021
0	-0.2756431
0	-1.321909
0	0.375299
0	-0.8477573
0	-0.01021349
0	-0.9389866
0	0.2910204
0	-1.609087
0	-0.4159887
0	-0.03796059
0	-1.106542
0	0.4122496
0	-0.9123639
0	-0.609008
0	-0.8168132
0	0.6619093
0	-0.007454275
0	1.445443
0	0.03719115
0	0.4937238
0	-0.5110737
0	0.3615892
0	1.615973
0	0.9163567
0	1.297574
0	-1.668805
0	-0.9588235
0	0.334242
0	0.1481496
0	-2.309831
0	0.1847054
0	-2.703624
0	0.4805871
0	-0.9376973
16.07799	16.2189
-14.96884	-16.77551
0	-1.315872
0	-1.300096
0	0.1483932
0	0.7001098
0	0.5227852
0	-0.8832603
20.39702	20.79928
0	0.2431715
0	-0.7623422
5.005046	6.02743
0	1.139331
0	-1.44853
0	1.182409
0	-0.5281583
0	0.7819286
0	-0.8208612
0	-0.8629473
0	-0.3768632
0	0.9843676
0	-1.638166
0	0.5838665
0	0.295886
0	0.7190124
0	0.1605684
0	1.288438
0	-0.8278444
0	0.4433794
0	0.1377776
0	-0.5247365
0	-1.812128
0	2.028961
0	0.9260826
0	-0.6371775
0	1.107718
0	-0.4691574
0	0.795213
0	0.1522542
0	1.125675
0	0.07326237
0	0.9488069
0	-0.3071367
0	1.176868
0	-1.155195
0	0.145169
0	0.6941058
0	-0.9414767
0	1.60786
0	1.191622
0	-1.545578
0	-1.545822
0	-0.630521
0	0.1608871
0	-2.860942
0	-1.024003
0	0.7573346
0	-0.8788912
0	0.5697924
0	0.6855411
0	-1.343376
0	1.050811
0	-0.1541444
0	-0.240248
0	0.2951281
0	0.5184271
0	-1.728808
0	-0.9766463
0	2.896422
0	1.265028
0	-0.1609271
0	0.8442872
0	-0.6567146
0	-0.8905473
0	0.06745074
0	0.856137
0	0.8653228
0	-1.025172
0	-1.106538
0	2.730257
0	0.4916037
0	0.8385908
0	1.241814
0	-1.014344
0	-0.7186687
0	3.499394
0	-0.5606612
0	-0.1383726
0	1.328932
0	0.02705216
0	1.051011
0	-0.2432362
0	1.562017
0	-0.4740721
0	-0.1678874
0	0.8900861
0	-1.191137
0	1.767448
0	0.2144756
0	-0.1116411
0	-1.026967
0	-0.4080382
0	-0.8429348
0	-1.201108
0	1.03544
0	-0.4563403
0	0.2764462
0	0.5640598
0	0.03877417
0	0.4933284
0	1.105887
0	-0.5984144
0	-1.130005
0	0.6133801
0	-0.1975125
0	0.3446555
0	0.5775815
8.59683	7.104683
0	-0.3556568
0	-0.6560981
0	0.7266367
0	-2.464444
0	-0.1452846
0	-1.122674
0	0.6757382
0	-0.8828575
0	-0.1434212
0	-0.3312966
0	0.0274785
0	-0.2664898
0	0.9817422
0	0.8635127
0	0.5984856
0	1.493811
0	0.4164135
0	0.4119208
0	-1.619487
0	-0.723595
0	1.153748
0	-1.027731
0	-1.122768
0	-0.02609152
0	-0.6632109
0	-1.221807
0	-0.4138885
0	1.523508
0	-1.944961
0	-1.295184
0	-0.3647207
0	1.017416
0	-0.9125644
0	0.8653812
0	-1.012155
0	0.5119597
0	1.339464
0	-0.3694177
0	-1.532406
4.671936	3.987643
0	-0.421968
0	-1.595593
0	1.172506
0	0.0729869
0	1.151052
0	0.3564871
0	-0.05973523
-14.02884	-13.21048
0	0.2043749
0	-0.1332787
0	2.125992
0	-1.048387
0	-0.2709482
0	-0.5566803
0	-0.1532909
0	-0.1503435
0	0.4660815
0	0.1139232
0	-0.7268697
0	0.3104964
0	-0.1933036
0	0.217224
0	0.8673891
0	-2.124646
0	-1.213699
0	0.3492061
0	-1.160238
0	-1.450265
0	-0.5523321
0	0.8274469
0	0.3660343
0	-0.3559331
0	-0.7222767
0	-0.8927784
0	0.6152485
0	1.664949
0	-0.2840818
0	0.3684964
0	1.147133
0	0.4224061
0	0.481082
0	-0.0492409
0	0.7460646
0	-0.8891314
0	0.4475425
0	-0.7806374
0	1.308311
0	-0.3765184
0	-0.7723919
0	-1.47593
0	-0.1856567
0	0.4826872
0	-0.8070213
0	-1.854463
0	1.556016
0	0.01262843
0	0.6828057
0	0.4817874
0	-0.1533087
0	-0.2632163
0	0.3165755
0	0.3784065
0	0.9252535
0	0.3783556
0	1.325296
0	-1.338457
0	0.2518006
0	-3.473099
0	-1.925081
0	-1.497574
0	-0.05594462
0	-0.2352016
0	1.976734
0	0.0376691
0	-0.8298118
0	0.6998753
0	0.3266869
0	-0.5716623
0	-1.766722
0	0.3309134
0	-1.313654
0	-0.5365415
0	-1.517866
0	0.2529183
0	0.4245788
0	-0.6184329
0	-0.03606962
0	-1.035362
0	2.245887
0	-0.2821898
0	-0.1346072
0	0.1647614
0	1.093667
0	0.6706963
0	-0.8059283
0	1.582404
0	-0.1218559
0	0.5477552
0	-1.845383
0	0.3982458
0	0.7128871
0	1.746685
0	0.2574154
0	-0.3978539
0	1.217991
0	-0.2752257
0	-1.044328
0	1.410974
11.7098	11.43631
0	-0.1114442
0	0.9830165
0	0.4912496
0	-0.1489656
0	-0.2438102
0	-1.345576
0	-0.7580026
0	-0.345816
0	-0.756429
0	-1.625117
0	-0.07459824
0	-0.108508
0	-1.999141
0	-0.8751894
0	0.05839132
0	0.8159986
0	-0.1890267
0	-0.1749687
0	0.522699
0	-0.1877895
0	-0.2488639
0	-0.6281014
0	-0.3061326
0	-0.8717275
0	-1.196213
0	0.1376579
0	-1.177922
0	-1.133328
0	-1.998433
0	-1.361199
0	-0.6821198
0	0.921944
0	0.286953
0	-1.217534
0	-1.363979
0	0.1521013
0	-2.320305
0	0.7567499
0	-0.09500169
0	-0.9930649
0	-0.9308181
0	0.1977972
0	-1.1253
0	1.000852
0	-0.5054186
0	1.081187
0	-0.4076331
0	1.381452
0	1.295167
0	-1.603438
0	0.974291
0	-0.2731598
0	-0.8289029
0	-0.1400849
0	0.8422636
0	-1.452637
0	1.407632
0	0.605856
0	0.8227573
0	0.04431939
0	0.6511299
0	-0.4687135
0	0.5532655
0	-0.04660139
0	-1.584856
0	0.2241818
0	-0.2032402
0	-1.387142
0	0.5523963
0	0.6058664
0	0.04284947
0	-0.2191219
0	-1.141303
6.903576	8.415158
-3.914915	-5.021993
0	-0.1452516
0	-0.7409772
0	-0.342814
0	-1.071191
0	0.9070266
0	0.4552588
0	-0.2934879
0	0.04655931
0	0.02462608
0	1.034743
0	-0.1446544
0	-0.741913
-1.213059	-1.852074
0	-0.8145149
0	2.159531
0	0.5906241
0	-1.020387
0	-1.185429
9.754883	9.546369
0	1.504119
0	0.4474346
8.459494	9.418563
0	-0.2155451
0	-1.364756
0	-0.9169034
0	0.25084
0	-0.3847799
0	-0.2198363
0	0.8843939
0	-1.906834
0	1.513908
